forceFromShapeDisplayHistory
234
244
241
234
233
233
233
230
261
261
251
259
259
261
258
258
263
265
276
271
280
278
281
278
279
261
252
252
252
248
248
253
236
236
237
240
243
242
242
257
263
263
255
255
271
278
274
275
275
275
275
276
276
284
281
281
279
277
277
277
262
259
259
239
239
240
244
245
245
245
245
245
235
237
244
250
257
263
269
269
269
269
264
264
272
279
280
289
289
288
292
292
282
270
270
251
255
255
251
251
241
241
241
239
242
255
255
262
262
255
265
272
283
290
290
290
290
278
280
279
280
277
283
287
281
281
277
270
269
267
258
249
251
251
251
251
268
266
267
257
262
274
281
277
289
304
304
309
316
309
314
305
308
323
344
343
343
348
345
350
334
323
307
294
299
299
293
294
307
310
317
304
307
307
307
328
324
324
371
380
382
379
369
369
356
348
339
344
346
346
345
355
345
345
342
328
321
321
311
313
312
318
318
316
316
304
307
305
306
303
317
319
333
333
340
345
341
337
328
321
323
324
259
188
188
148
143
140
146
142
141
153
155
117
111
111
101
103
67
73
83
81
78
83
91
96
81
81
76
75
78
69
60
77
86
105
130
154
154
159
142
145
134
130
128
134
141
139
115
94
94
92
77
74
82
56
42
41
39
45
58
58
75
99
104
133
134
142
153
150
150
138
138
134
126
131
135
138
140
119
120
131
108
108
109
117
98
120
106
114
115
127
126
126
122
113
127
128
155
169
209
204
204
207
196
207
195
185
182
182
186
193
191
191
193
189
165
172
156
155
156
157
151
151
158
142
140
173
166
174
162
166
181
181
189
195
195
198
196
190
188
178
192
198
198
217
223
218
223
218
227
213
199
167
155
155
158
172
170
173
173
174
173
164
165
186
186
201
220
222
215
217
214
203
202
188
188
187
193
196
heightForShapeDisplayHistory
61919
61648
61375
61104
60848
60575
60320
60047
59776
59503
59247
58976
58703
58432
58176
57903
57648
57375
57119
56848
56575
56320
56047
55776
55520
55231
54976
54719
54432
54176
53919
53632
53375
53119
52848
52575
52304
52031
51776
51503
51231
50976
50703
50432
50176
49903
49632
49375
49088
48831
48575
48304
48047
47776
47503
47231
46960
46687
46432
46175
45903
45631
45376
45104
44832
44575
44303
44015
43760
43504
43231
42975
42687
42432
42175
41903
41648
41359
41104
40832
40559
40287
40031
39760
39488
39231
38959
38704
38432
38160
37903
37631
37359
37104
36832
36544
36303
36031
35760
35503
35231
34959
34687
34432
34143
34000
33824
33359
33087
32816
32559
32287
32031
31760
31488
31231
30959
30687
30432
30160
29888
29631
29359
29071
28816
28559
28287
28015
27760
27488
27216
26959
26687
26415
26160
25888
25615
25359
25087
24816
24559
24287
24015
23760
23471
23216
22959
22671
22415
22143
21888
21615
21359
21087
20799
20559
20287
20015
19743
19488
19216
18944
18671
18399
18143
17888
17615
17343
17087
16816
16544
16272
16015
15743
15471
15199
14944
14687
14415
14143
13888
13600
13343
13071
12816
12544
12272
12000
11855
11695
11488
10928
10735
10575
10143
10000
9888
9343
9071
8799
8527
8272
8000
7743
7471
7216
6928
6671
6415
6127
5872
5600
5455
5328
4816
4544
4255
4000
3743
3471
3199
2928
2656
2399
2127
1855
1600
1343
1071
799
527
255
0
0
272
528
799
1055
1328
1600
1855
2127
2399
2671
2928
3200
3472
3727
4000
4272
4528
4799
5071
5328
5600
5872
6127
6399
6671
6928
7200
7472
7727
8015
8256
8528
8816
9071
9343
9600
9855
10144
10384
10671
10928
11200
11455
11727
11984
12272
12528
12799
13055
13328
13600
13872
14144
14399
14671
14944
15200
15472
15743
15984
16272
16528
16783
17071
17328
17584
17872
18144
18399
18671
18928
19200
19472
19727
20000
20272
20528
20816
21071
21328
21600
21872
22127
22399
22656
22928
23216
23455
23727
24000
24272
24528
24816
25071
25343
25584
25855
26144
26384
26671
26928
27183
27472
27743
28015
28256
28528
28816
29056
29328
29600
29872
30127
30415
30671
30928
31216
31472
31743
32015
32256
32544
32816
33056
33343
33600
33855
34127
34399
34671
34944
35200
35472
35743
35984
36272
36528
36799
37056
37359
37600
37872
38144
38384
38656
38911
39200
39472
39727
40000
40287
40528
40799
41071
41343
41600
41872
42127
42415
42671
42944
43183
43472
43728
44000
44256
heightFromShapeDisplayHistory
60190
59914
59296
59014
58588
58588
58588
58312
57778
57778
57508
56866
56866
56332
56116
56116
55888
55612
55336
55054
54754
54382
54142
53674
53446
52882
52588
52588
52588
52072
52072
51772
51226
51226
50998
50776
50212
49984
49984
49504
49246
49246
48694
48694
48400
48052
47758
47518
46786
46786
46786
46222
46222
45934
45400
45400
44884
44386
44386
44386
43828
43546
43546
42892
42892
42640
42394
41932
41338
41338
41026
41026
40528
40276
40042
39820
39598
39016
38704
38704
38704
38170
37876
37876
37414
37192
36616
36328
36328
36046
35806
35506
35224
34990
34990
34222
33940
33940
33640
33640
33142
32854
32854
32602
32158
31630
31630
31372
31372
30736
30442
30220
29992
29710
29128
29128
29128
28612
28306
28012
27790
27556
27262
26668
26440
26440
26212
25930
25630
25348
25126
24910
24628
24076
24076
24076
23572
23290
22996
22714
22486
22186
21898
21664
21226
20956
20956
20686
20398
20122
19816
19474
19240
19018
18514
18244
18244
17950
17674
17368
17008
16768
16534
16108
15826
15826
15532
15256
15028
14746
14440
13942
13708
13708
13432
13138
12862
12862
12340
12034
11734
11278
10990
10990
10714
10426
10138
9898
9592
9592
9280
9022
8380
8380
8098
7822
7540
7540
6910
6676
6460
5962
5692
5398
5398
5140
4918
4648
4360
4090
3868
3580
3298
3298
2740
2518
2242
1960
1696
1498
1318
1066
640
616
616
598
592
628
760
994
1276
1570
1798
2224
2500
2500
2770
3040
3334
3688
3988
4234
4450
4684
4942
5500
5722
5722
5998
6268
6556
6814
7114
7456
7684
7900
8362
8632
8632
8896
9154
9484
9760
10048
10318
10552
10840
11134
11644
11860
11860
12166
12430
12742
13024
13252
13552
13846
14086
14536
14812
14812
15082
15352
15628
15976
16258
16492
16714
16936
17488
17788
17788
18058
18298
18574
18868
19156
19378
19606
19882
20446
20674
20674
20950
21232
21526
21808
22036
22318
22618
23128
23356
23356
23638
23944
24214
24436
24718
25006
25498
25714
25714
25960
26224
26470
26746
27106
27448
27688
27904
28390
28660
28660
28948
29212
29506
29872
30118
30370
30598
30838
31426
31426
31714
31942
32260
32554
32782
33004
33232
33520
34096
34096
34288
34492
34780
35032
35296
35584
35902
36196
36478
36910
36910
37180
37450
37732
37990
38290
38638
38878
39106
39328
39898
39898
40198
40474
40702
40990
41284
41566
41800
42028
42298
42868
42868
43096
43360
43630
43924
44170
44404
44656
44950
45508
45508
45742
46030
46312
