61820
43868
79
61814
47
61598
83
61352
116
61106
133
60848
138
60602
142
60350
139
60098
125
59852
111
59600
93
59348
112
59096
125
58850
146
58598
158
58352
170
58094
177
57848
184
57602
178
57350
168
57098
150
56852
138
56600
119
56354
112
56102
146
55850
169
55598
198
55358
211
55100
231
54848
245
54608
247
54350
236
54098
223
53858
208
53600
184
53348
219
53102
247
52850
278
52604
302
52358
322
52100
336
51848
351
51602
350
51350
350
51098
327
50852
303
50600
278
50354
258
50102
283
49856
308
49598
330
49352
347
49100
355
48848
355
48602
360
48350
344
48104
333
47852
311
47600
297
47348
322
47102
366
46850
401
46598
444
46352
474
46106
498
45848
514
45602
531
45350
528
45098
515
44852
495
44600
471
44354
474
44102
528
43850
576
43598
628
43358
669
43100
697
42848
720
42602
718
42350
706
