47030
9812
149
47060
466
46742
382
46430
832
46310
238
46058
258
45812
265
45560
268
45308
263
45062
254
44810
241
44558
217
44312
206
44066
204
43808
241
43562
258
43310
272
43058
292
42812
296
42560
294
42308
283
42062
267
41816
242
41558
220
41318
182
41060
225
40808
244
40562
258
40316
272
40052
276
39818
278
39560
263
39308
256
39062
240
38810
216
38564
195
38312
173
38060
177
37814
205
37562
218
37310
240
37058
259
36812
262
36560
271
36314
254
36062
236
35810
225
35558
205
35312
181
35060
222
34808
245
34562
268
34310
288
34058
300
33812
308
33560
306
33308
298
33062
280
32810
260
32558
227
32312
193
32060
193
31808
215
31562
227
31310
241
31058
245
30812
242
30560
233
30308
230
30062
208
29810
188
29564
173
29312
150
29060
191
28808
216
28562
235
28316
257
28058
272
27812
278
27566
277
27308
278
27062
263
26810
244
26558
230
26318
208
26060
216
25808
247
25562
264
25310
286
25058
303
24812
314
24566
303
24308
298
24062
284
23810
259
23558
231
23312
201
23060
243
22808
261
22568
274
22310
286
22058
297
21818
297
21560
290
21308
273
21062
257
20816
236
20558
211
20312
190
20060
198
19808
220
19562
241
19310
259
19058
279
18812
282
18560
288
18308
282
18062
264
17810
241
17564
226
17312
200
17060
238
16814
264
16562
286
16316
301
16052
318
15818
322
15560
319
15314
314
15062
301
14810
277
14558
245
14318
216
14060
207
13808
231
13562
249
13310
260
13058
268
12812
267
12566
251
12308
241
12062
226
11810
201
11558
178
11312
162
11060
201
10814
222
10562
249
10310
269
10058
283
