48248
52934
60
48218
517
48026
502
47780
475
47528
449
47276
438
47030
481
46778
515
46526
540
46280
585
46028
591
45782
599
45530
602
45278
594
45026
574
44780
545
44528
506
44276
477
44030
513
43778
571
43526
595
43280
628
43028
655
42782
665
42536
657
42278
637
42026
606
41786
572
41534
535
41276
517
41030
543
40784
578
40526
593
40280
623
40028
633
39776
620
39536
610
39284
596
39026
560
38780
522
38534
499
38282
462
38030
495
37778
527
37526
561
37280
585
37028
613
36776
625
36530
616
36278
607
36026
573
35780
540
35528
508
35276
507
35030
549
34778
582
34526
623
34280
654
34028
663
33776
672
33608
652
