49268
9800
158
49220
449
49046
344
48806
340
48548
325
48296
310
48056
286
47798
269
47546
252
47306
249
47048
278
46796
305
46550
336
46304
357
46052
370
45800
370
45548
379
45302
369
45050
352
44798
327
44546
312
44300
274
44054
306
43796
344
43550
361
43298
390
43046
405
42800
415
42548
404
42296
394
42050
372
41798
348
41552
308
41300
309
41048
334
40796
354
40550
371
40298
388
40052
391
39800
388
39554
378
39296
362
39050
340
38798
320
38546
283
38300
260
38054
285
37796
316
37550
336
37298
359
37046
375
36806
379
36554
374
36296
365
36050
353
35804
323
35546
296
35300
304
35048
344
34796
362
34550
389
34298
412
34046
423
33800
428
33548
425
33296
419
33050
385
32798
359
32546
325
32300
284
32048
298
31796
324
31550
335
31298
354
31046
362
30800
358
30548
345
30296
332
30050
315
29804
286
29546
263
29300
269
29048
294
28796
329
28550
350
28304
374
28052
387
27806
392
27548
394
27302
381
27050
367
26798
348
26546
322
26300
294
26048
326
25796
354
25550
375
25298
399
25046
420
24800
427
24548
416
24296
405
24050
389
23798
358
23546
327
23306
320
23048
345
22796
364
22550
389
22298
402
22046
405
21800
407
21548
400
21296
390
21050
367
20804
335
20546
313
20306
279
20048
305
19796
331
19550
365
19298
375
19046
404
18800
403
18554
399
18296
392
18056
369
17798
345
17546
313
17300
321
17048
351
16796
386
16550
414
16298
424
16046
439
15800
443
15548
444
15296
428
15050
410
14804
378
14552
338
14300
298
14048
318
13796
339
13556
352
13304
368
13046
377
12800
378
12548
369
12296
343
12050
326
11798
305
11546
279
11300
279
11048
302
10802
335
10550
363
10298
381
10046
395
