47666
9944
151
47666
0
47444
0
47198
0
46946
0
46694
0
46448
0
46196
0
45944
0
45698
0
45446
0
45194
0
44948
0
44702
0
44450
0
44198
0
43946
0
43700
0
43448
0
43196
0
42944
0
42698
0
42452
0
42194
0
41948
0
41696
0
41444
0
41204
0
40946
0
40694
0
40454
0
40196
0
39944
0
39698
0
39446
0
39200
0
38948
0
38696
0
38444
0
38198
0
37946
0
37700
0
37448
0
37196
0
36944
0
36704
0
36446
0
36194
0
35948
0
35696
0
35444
0
35198
0
34946
0
34694
0
34448
0
34196
0
33944
0
33698
0
33446
0
33194
0
32948
0
32696
0
32450
0
32198
0
31946
0
31694
0
31448
0
31196
0
30944
0
30704
0
30446
0
30194
0
29948
0
29696
0
29444
0
29198
0
28946
0
28694
0
28448
0
28196
0
27944
0
27698
0
27446
0
27194
0
26954
0
26696
0
26444
0
26198
0
25946
0
25694
0
25448
0
25196
0
24950
0
24698
0
24452
0
24194
0
23948
0
23696
0
23444
0
23198
0
22946
0
22694
0
22448
0
22196
0
21944
0
21698
0
21446
0
21194
0
20948
0
20696
0
20444
0
20204
0
19946
0
19694
0
19454
0
19196
0
18944
0
18698
0
18452
0
18194
0
17948
0
17696
0
17444
0
17198
0
16946
0
16694
0
16448
0
16196
0
15950
0
15698
0
15446
0
15194
0
14948
0
14696
0
14444
0
14198
0
13952
0
13694
0
13448
0
13196
0
12944
0
12698
0
12452
0
12194
0
11948
0
11696
0
11450
0
11198
0
10946
0
10694
0
10448
0
10196
0
