64922
53234
53
64916
31
64700
60
64454
72
64202
102
63950
110
63704
132
63452
142
63206
144
62954
138
62702
132
62450
106
62204
148
61952
185
61700
206
61454
237
61202
260
60950
271
60704
271
60452
278
60200
264
59954
248
59702
238
59450
240
59204
273
58952
295
58700
324
58454
347
58196
363
57950
381
57704
374
57452
375
57206
370
56954
352
56702
344
56450
301
56204
344
55952
400
55706
434
55454
475
55202
500
54950
534
54704
540
54458
549
54200
541
53954
528
53702
503
53450
500
53204
560
52952
621
52700
673
52454
713
52202
744
51950
774
