62570
48050
63
62564
51
62348
71
62102
108
61850
146
61598
174
61358
193
61100
204
60848
219
60602
227
60350
218
60098
211
59852
184
59600
167
59348
201
59102
220
58856
257
58598
275
58358
291
58100
306
57848
300
57602
304
57356
300
57104
287
56852
269
56600
246
56348
250
56102
293
55850
325
55598
355
55352
378
55100
393
54848
413
54602
403
54350
402
54098
393
53852
384
53600
362
53348
407
53102
449
52850
471
52598
519
52352
534
52106
529
51848
578
51602
580
51350
569
51098
541
50852
523
50600
483
50354
499
50102
533
49850
586
49598
608
49352
651
49100
675
48848
666
48602
662
48350
647
48098
635
47858
596
47606
554
47348
574
47108
656
