48590
9878
155
48668
744
48308
89
48062
83
47870
80
47624
63
47372
43
47120
73
46874
93
46622
111
46370
131
46118
144
45878
151
45626
161
45368
152
45122
143
44870
138
44618
123
44372
101
44120
103
43868
110
43622
140
43370
161
43118
165
42872
180
42620
182
42374
176
42122
164
41870
142
41618
131
41372
101
41120
113
40874
130
40622
147
40370
153
40118
160
39872
161
39626
154
39374
141
39122
131
38870
114
38618
98
38372
85
38126
63
37874
94
37622
110
37370
128
37118
134
36872
152
36620
154
36368
147
36122
140
35870
126
35618
111
35372
91
35126
115
34868
133
34622
153
34370
168
34118
183
33872
185
33626
187
33368
180
33122
168
32870
149
32618
132
32372
101
32120
85
31868
103
31622
107
31370
122
31118
136
30872
134
30620
126
30368
116
30122
105
29870
91
29618
82
29372
58
29120
79
28874
103
28622
123
28376
138
28118
152
27872
160
27620
160
27368
159
27128
154
26870
144
26624
134
26372
113
26120
100
25868
133
25622
150
25370
164
25124
181
24878
186
24620
193
24368
186
24122
173
23876
154
23618
134
23372
107
23120
124
22874
144
22628
158
22370
168
22118
176
21872
178
21626
172
21368
162
21122
145
20870
129
20618
112
20378
96
20120
78
19868
110
19628
132
19370
147
19124
154
18872
160
18620
167
18368
166
18122
159
17870
136
17618
118
17372
94
17126
128
16868
146
16628
165
16376
179
16112
194
15872
196
15620
203
15368
196
15122
183
14870
166
14618
144
14378
126
14126
104
13868
113
13622
126
13370
139
13118
147
12872
146
12626
147
12368
127
12122
115
11876
97
11618
76
11372
62
11120
89
10868
110
10622
128
10370
145
10118
159
