54362
9890
178
54392
0
54140
0
53828
304
53648
356
53390
363
53144
415
52892
455
52646
480
52394
504
52148
520
51896
530
51644
530
51392
524
51140
500
50894
467
50642
429
50390
388
50144
386
49892
409
49640
430
49394
443
49142
454
48890
456
48650
442
48392
431
48146
406
47894
381
47648
356
47390
327
47144
371
46898
402
46640
443
46394
464
46142
475
45890
482
45650
491
45392
486
45140
466
44894
447
44642
413
44390
392
44144
401
43892
442
43646
478
43394
499
43142
518
42890
526
42650
533
42392
517
42140
495
41894
462
41642
428
41390
383
41150
431
40898
454
40640
479
40394
494
40142
501
39890
501
39650
494
39392
479
39140
455
38900
430
38642
397
38390
368
38144
381
37892
408
37640
438
37394
462
37142
480
36890
492
36644
492
36392
487
36140
467
35894
441
35648
413
35390
375
35144
434
34892
465
34640
490
34394
514
34142
535
33890
543
33644
539
33392
525
33140
512
32894
484
32642
439
32390
394
32144
404
31892
429
31640
445
31394
462
31142
478
30890
475
30644
470
30392
451
30140
427
29894
408
29642
384
29390
349
29144
395
28892
433
28640
456
28400
485
28142
500
27890
510
27644
513
27392
515
27146
487
26894
470
26642
436
26390
404
26144
433
25892
460
25646
492
25394
514
25142
533
24890
549
24644
546
24392
541
24140
524
23894
483
23642
453
23390
410
23144
449
22892
478
22646
498
22394
526
22142
532
21890
535
21644
526
21392
514
21146
489
20894
465
20642
432
20396
395
20144
413
19892
440
19640
468
19394
493
19142
509
18890
525
18644
537
18398
527
18140
506
17894
476
17642
451
17396
410
17150
460
16892
500
16646
524
16394
546
16142
562
15890
571
15644
578
15392
573
15140
547
14894
513
14642
472
14396
425
14144
431
13892
459
13640
481
13400
490
13142
520
12890
512
12644
505
12392
481
12140
459
11894
439
11642
404
11390
373
11144
417
10892
452
10646
478
10394
506
10142
524
