50174
9956
161
50186
0
49958
0
49712
0
49454
0
49202
13
48956
16
48710
8
48458
0
48212
0
47954
0
47708
0
47456
0
47210
0
46952
0
46706
0
46454
0
46202
13
45956
16
45704
45
45452
49
45206
46
44954
39
44702
29
44456
17
44210
0
43952
15
43712
32
43460
49
43202
60
42950
66
42710
70
42446
66
42212
57
41954
41
41702
24
41456
2
41204
13
40952
30
40706
40
40454
49
40202
53
39956
55
39704
51
39452
42
39194
31
38960
23
38696
6
38456
0
38204
0
37952
0
37712
0
37448
0
37202
10
36956
36
36704
42
36458
43
36206
39
35960
25
35702
12
35456
0
35210
0
34958
28
34712
48
34454
62
34202
71
33956
78
33698
80
33458
75
33206
65
32960
50
32702
33
32456
14
32204
0
31952
0
31706
9
31454
19
31202
28
30962
25
30704
21
30452
13
30206
0
29954
0
29702
0
29456
0
29204
0
28958
0
28706
0
28454
11
28208
17
27956
47
27704
53
27458
54
27206
52
26954
44
26702
38
26456
26
26204
1
25952
21
25706
40
25454
54
25202
66
24956
76
24704
75
24452
76
24200
64
23954
50
23702
33
23456
13
23204
22
22952
38
22700
52
22454
57
22202
64
21956
64
21704
61
21458
53
21212
45
20954
31
20702
20
20456
7
20204
0
19952
0
19706
0
19454
24
19196
40
18956
48
18704
60
18452
53
18206
46
17960
36
17708
19
17456
6
17198
22
16952
41
16712
57
16454
71
16208
85
15950
89
15698
89
15452
90
15206
77
14954
61
14708
46
14456
24
14204
0
13952
4
13706
16
13460
26
13208
34
12962
39
12710
33
12452
21
12212
8
11954
0
11702
0
11456
0
11204
0
10952
0
10706
0
10454
15
10202
47
